3;17;0;6;
0;1;20;5;
14;4;1;7;
1;3;9;13;
0;21;0;5;
0;17;0;9;
4;18;0;4;
15;4;0;7;
13;0;0;13;
0;8;18;0;
16;6;4;0;
8;1;15;2;
0;18;6;2;
17;4;1;4;
0;9;13;4;
16;3;4;3;
6;13;4;3;
0;8;5;13;
13;5;0;8;
4;17;5;0;
0;13;10;3;
17;0;2;7;
15;0;11;0;
0;0;25;1;
18;2;0;6;
2;6;18;0;
0;1;20;5;
8;17;1;0;
13;0;13;0;
7;2;13;4;
3;13;6;4;
0;13;6;7;
14;11;1;0;
16;7;0;3;
0;4;8;14;
0;19;7;0;
16;1;3;6;
7;15;4;0;
3;19;4;0;
5;18;0;3;
0;6;19;1;
0;26;0;0;
5;4;17;0;
2;17;2;5;
4;2;0;20;
13;3;6;4;
3;16;4;3;
18;3;0;5;
20;0;5;1;
17;0;3;6;
13;8;0;5;
18;1;2;5;
0;23;0;3;
1;5;0;20;
0;19;6;1;
16;0;0;10;
20;2;4;0;
4;0;2;20;
1;21;0;4;
4;13;2;7;
4;18;3;1;
5;13;1;7;
2;0;13;11;
0;2;14;10;
1;1;24;0;
4;4;18;0;
1;0;15;10;
18;0;4;4;
0;4;22;0;
4;0;17;5;
4;1;1;20;
5;20;1;0;
13;6;0;7;
4;14;7;1;
6;0;0;20;
17;3;0;6;
0;2;20;4;
17;8;0;1;
18;0;8;0;
13;0;13;0;
4;4;1;17;
5;0;17;4;
8;1;1;16;
17;4;2;3;
8;2;3;13;
18;8;0;0;
21;1;0;4;
3;16;4;3;
14;3;2;7;
21;2;3;0;
8;14;4;0;
17;3;1;5;
13;7;6;0;
6;7;0;13;
0;6;6;14;
1;17;3;5;
1;4;0;21;
4;1;5;16;
13;6;7;0;
5;6;15;0;
20;0;3;3;
13;6;6;1;
2;0;16;8;
6;0;20;0;
8;1;17;0;
4;5;13;4;
8;18;0;0;
0;10;15;1;
2;4;2;18;
3;4;0;19;
0;13;8;5;
0;4;18;4;
7;14;0;5;
2;16;2;6;
5;18;0;3;
23;0;2;1;
4;5;3;14;
4;22;0;0;
13;1;12;0;
8;1;13;4;
20;3;0;3;
4;16;6;0;
6;0;20;0;
5;4;0;17;
6;5;1;14;
14;4;3;5;
8;1;16;1;
1;0;12;13;
5;0;18;3;
21;4;0;1;
0;0;12;14;
7;0;19;0;
19;2;0;5;
0;0;19;7;
0;0;17;9;
3;3;4;16;
0;15;11;0;
4;5;17;0;
3;19;3;1;
13;0;3;10;
6;20;0;0;
17;8;0;1;
26;0;0;0;
2;7;16;1;
4;2;2;18;
0;14;2;10;
5;2;4;15;
0;8;13;5;
10;1;13;2;
0;15;5;6;
13;2;4;7;
0;4;3;19;
7;4;2;13;
0;18;3;5;
20;0;2;4;
4;0;20;2;
14;8;2;2;
6;0;20;0;
8;16;0;2;
17;4;5;0;
5;0;13;8;
4;17;0;5;
3;5;13;5;
0;4;9;13;
13;4;3;6;
7;0;1;18;
1;2;15;8;
0;4;0;22;
6;0;17;3;
7;15;4;0;
13;4;9;0;
1;16;5;4;
0;14;7;5;
0;5;4;17;
5;13;2;6;
0;4;0;22;
14;4;4;4;
2;2;22;0;
3;0;9;14;
5;5;2;14;
0;16;2;8;
0;0;19;7;
4;1;8;13;
4;4;14;4;
0;15;1;10;
0;4;9;13;
25;0;0;1;
20;0;4;2;
26;0;0;0;
5;0;21;0;
13;0;7;6;
4;4;2;16;
22;4;0;0;
0;4;17;5;
4;4;5;13;
4;18;0;4;
8;18;0;0;
0;4;4;18;
15;4;7;0;
0;25;1;0;
7;6;0;13;
11;14;1;0;
0;1;22;3;
1;6;19;0;
8;17;1;0;
0;6;0;20;
0;1;18;7;
6;0;20;0;
17;2;7;0;
20;3;3;0;
1;14;11;0;
5;18;0;3;
13;0;13;0;
20;1;4;1;
0;1;6;19;
0;3;7;16;
8;18;0;0;
0;0;23;3;
21;0;1;4;
0;7;15;4;
0;8;14;4;
7;13;2;4;
0;12;13;1;
0;26;0;0;
19;0;7;0;
7;0;3;16;
3;3;13;7;
1;5;16;4;
0;0;22;4;
3;15;4;4;
0;21;2;3;
1;18;7;0;
0;3;0;23;
0;2;22;2;
1;17;0;8;
0;4;0;22;
6;0;19;1;
4;13;0;9;
21;1;4;0;
4;0;16;6;
4;5;0;17;
0;0;3;23;
0;4;8;14;
7;1;15;3;
18;6;2;0;
3;1;16;6;
3;18;4;1;
21;0;4;1;
13;9;4;0;
17;0;0;9;
0;11;1;14;
9;17;0;0;
7;4;14;1;
0;17;0;9;
14;7;5;0;
1;1;23;1;
7;13;5;1;
21;5;0;0;
3;21;0;2;
5;0;21;0;
0;15;7;4;
1;3;9;13;
1;18;4;3;
14;12;0;0;
1;0;19;6;
4;2;3;17;
0;19;4;3;
18;7;0;1;
17;1;4;4;
13;7;5;1;
3;0;23;0;
4;18;4;0;
17;3;4;2;
15;7;0;4;
2;4;18;2;
7;2;17;0;
8;16;2;0;
13;7;5;1;
17;0;0;9;
2;16;8;0;
0;13;5;8;
3;18;0;5;
0;19;0;7;
3;14;9;0;
0;20;0;6;
16;2;1;7;
13;11;0;2;
2;4;20;0;
14;2;4;6;
4;0;0;22;
3;0;0;23;
20;6;0;0;
6;0;17;3;
0;9;0;17;
5;16;4;1;
1;4;21;0;
19;3;4;0;
3;1;0;22;
16;4;6;0;
12;0;1;13;
5;14;6;1;
3;3;16;4;
14;7;4;1;
6;14;5;1;
1;9;16;0;
1;5;17;3;
0;20;5;1;
4;0;4;18;
0;3;6;17;
10;3;13;0;
4;13;5;4;
1;8;15;2;
8;18;0;0;
4;0;4;18;
4;1;4;17;
2;0;22;2;
4;0;15;7;
0;13;8;5;
0;17;7;2;
4;17;1;4;
21;2;3;0;
4;6;0;16;
2;2;16;6;
0;13;0;13;
14;4;4;4;
1;0;19;6;
19;4;3;0;
21;4;0;1;
4;18;4;0;
20;0;0;6;
3;1;0;22;
5;2;4;15;
4;0;9;13;
7;17;2;0;
5;6;14;1;
0;0;8;18;
14;0;6;6;
9;16;1;0;
4;3;1;18;
0;9;13;4;
13;4;4;5;
0;4;0;22;
6;13;3;4;
2;0;0;24;
0;9;4;13;
1;4;0;21;
4;7;0;15;
0;19;2;5;
15;0;4;7;
5;0;8;13;
3;13;7;3;
0;2;4;20;
0;18;4;4;
0;6;15;5;
2;13;1;10;
0;14;12;0;
0;15;7;4;
0;4;1;21;
5;4;4;13;
2;0;4;20;
12;14;0;0;
0;25;1;0;
23;0;3;0;
7;0;19;0;
13;4;0;9;
4;4;0;18;
13;6;7;0;
2;4;0;20;
0;10;3;13;
4;0;18;4;
17;1;7;1;
17;1;4;4;
8;0;18;0;
17;3;1;5;
1;4;21;0;
2;7;0;17;
3;0;3;20;
13;0;13;0;
17;3;1;5;
26;0;0;0;
21;0;5;0;
1;10;15;0;
0;11;15;0;
19;0;7;0;
0;0;1;25;
1;13;8;4;
7;0;2;17;
13;5;4;4;
5;8;0;13;
18;8;0;0;
15;5;0;6;
21;1;1;3;
5;0;5;16;
8;4;14;0;
0;1;17;8;
3;2;4;17;
23;3;0;0;
7;0;1;18;
1;14;3;8;
17;4;2;3;
0;10;3;13;
9;0;3;14;
18;4;4;0;
19;1;0;6;
0;9;13;4;
5;14;6;1;
22;3;0;1;
13;8;0;5;
1;0;7;18;
1;1;17;7;
1;0;20;5;
4;1;1;20;
1;4;0;21;
5;3;13;5;
7;0;18;1;
8;5;13;0;
1;22;0;3;
2;20;0;4;
4;0;22;0;
14;0;3;9;
14;4;5;3;
4;13;5;4;
20;3;2;1;
4;20;1;1;
21;0;4;1;
9;0;1;16;
4;16;2;4;
0;0;24;2;
7;15;0;4;
4;17;5;0;
17;0;2;7;
0;4;14;8;
0;4;19;3;
15;4;4;3;
1;8;4;13;
4;2;16;4;
17;2;1;6;
0;5;4;17;
13;7;5;1;
4;0;2;20;
0;21;0;5;
0;20;4;2;
14;0;4;8;
1;0;7;18;
16;4;0;6;
13;0;13;0;
4;5;2;15;
5;0;21;0;
6;0;13;7;
18;1;7;0;
14;0;1;11;
3;0;21;2;
7;4;1;14;
18;1;6;1;
0;3;9;14;
3;7;13;3;
5;0;7;14;
5;16;5;0;
0;4;14;8;
5;8;0;13;
13;5;0;8;
6;2;4;14;
5;16;1;4;
3;5;14;4;
4;1;7;14;
0;7;15;4;
8;4;1;13;
4;15;0;7;
2;2;20;2;
20;0;2;4;
17;6;3;0;
1;8;0;17;
5;0;17;4;
1;22;0;3;
0;0;13;13;
14;4;0;8;
3;0;8;15;
2;13;9;2;
9;13;3;1;
3;1;3;19;
17;4;4;1;
4;4;4;14;
0;14;5;7;
13;3;0;10;
1;0;14;11;
16;6;4;0;
0;19;2;5;
0;5;21;0;
19;3;3;1;
16;6;4;0;
0;20;0;6;
17;0;9;0;
4;13;9;0;
0;14;5;7;
1;18;4;3;
17;0;0;9;
9;13;1;3;
4;2;0;20;
1;4;4;17;
1;4;21;0;
7;4;15;0;
25;0;1;0;
2;4;16;4;
0;0;0;26;
0;21;1;4;
4;5;0;17;
2;4;14;6;
10;15;0;1;
4;20;0;2;
5;18;0;3;
0;26;0;0;
15;8;3;0;
5;0;17;4;
1;5;13;7;
19;1;0;6;
0;0;14;12;
13;2;7;4;
1;9;13;3;
0;0;4;22;
4;17;2;3;
0;0;6;20;
4;20;1;1;
0;5;21;0;
1;6;5;14;
2;0;19;5;
20;4;0;2;
2;4;20;0;
13;4;4;5;
8;4;13;1;
3;6;4;13;
2;23;1;0;
0;10;16;0;
1;22;3;0;
0;0;19;7;
17;2;3;4;
7;5;14;0;
0;8;3;15;
0;2;11;13;
0;18;0;8;
0;3;2;21;
4;20;1;1;
15;0;8;3;
16;1;0;9;
0;0;14;12;
0;9;16;1;
0;13;10;3;
4;4;17;1;
0;4;22;0;
4;0;9;13;
17;1;4;4;
4;17;5;0;
19;6;0;1;
4;8;0;14;
4;13;5;4;
2;7;17;0;
17;3;2;4;
20;0;6;0;
17;2;6;1;
2;4;1;19;
14;0;5;7;
0;5;21;0;
4;1;8;13;
7;0;15;4;
9;13;0;4;
19;0;3;4;
4;20;1;1;
0;14;1;11;
1;0;17;8;
13;0;11;2;
5;17;1;3;
0;17;4;5;
3;16;0;7;
5;0;20;1;
16;0;6;4;
5;6;13;2;
13;12;0;1;
0;7;0;19;
22;0;4;0;
3;20;0;3;
0;5;21;0;
1;0;1;24;
0;4;0;22;
7;0;16;3;
0;5;18;3;
13;3;4;6;
6;5;1;14;
2;1;6;17;
0;0;7;19;
0;0;26;0;
4;20;1;1;
13;0;0;13;
7;1;18;0;
4;4;0;18;
7;17;0;2;
0;21;5;0;
13;3;6;4;
20;0;4;2;
4;1;21;0;
4;4;0;18;
0;5;14;7;
0;1;2;23;
4;0;14;8;
13;4;2;7;
1;4;18;3;
5;4;17;0;
6;5;2;13;
1;9;2;14;
7;19;0;0;
6;16;0;4;
4;0;0;22;
1;4;13;8;
3;13;5;5;
3;0;0;23;
0;0;16;10;
3;2;0;21;
0;4;4;18;
4;5;0;17;
15;7;3;1;
15;0;5;6;
7;2;3;14;
3;1;7;15;
3;0;15;8;
4;4;17;1;
5;18;0;3;
14;4;6;2;
2;1;21;2;
0;21;0;5;
3;4;15;4;
17;0;5;4;
13;10;0;3;
1;1;0;24;
4;4;4;14;
13;8;1;4;
13;0;1;12;
4;5;4;13;
4;18;4;0;
14;0;3;9;
4;0;7;15;
0;20;1;5;
0;22;4;0;
9;0;0;17;
0;4;0;22;
5;5;15;1;
16;10;0;0;
0;4;2;20;
0;17;4;5;
18;4;0;4;
6;1;2;17;
7;4;15;0;
4;0;22;0;
13;6;4;3;
1;0;21;4;
4;0;5;17;
1;4;0;21;
0;21;3;2;
17;3;5;1;
4;0;18;4;
0;20;2;4;
13;3;2;8;
1;14;8;3;
17;0;7;2;
5;6;14;1;
0;13;9;4;
2;8;1;15;
12;1;13;0;
3;4;13;6;
4;1;1;20;
6;6;0;14;
14;4;0;8;
4;14;8;0;
5;4;15;2;
7;0;16;3;
10;1;15;0;
1;0;12;13;
4;17;1;4;
0;1;17;8;
18;8;0;0;
21;5;0;0;
4;2;4;16;
0;11;0;15;
11;14;1;0;
0;4;20;2;
0;17;9;0;
8;1;13;4;
1;4;1;20;
8;13;5;0;
0;5;8;13;
14;9;3;0;
19;6;1;0;
5;5;13;3;
2;0;5;19;
5;0;8;13;
14;6;0;6;
4;14;5;3;
0;8;14;4;
1;25;0;0;
0;5;19;2;
6;4;16;0;
3;5;1;17;
2;4;16;4;
3;13;8;2;
5;1;17;3;
0;15;0;11;
0;2;4;20;
8;3;13;2;
17;2;3;4;
21;0;4;1;
9;0;13;4;
20;4;2;0;
0;20;0;6;
22;0;0;4;
12;0;1;13;
4;0;17;5;
22;0;3;1;
17;3;5;1;
1;13;5;7;
0;13;7;6;
4;0;4;18;
4;17;4;1;
3;0;16;7;
17;0;4;5;
8;0;4;14;
13;0;9;4;
4;7;0;15;
0;5;0;21;
21;4;1;0;
4;4;17;1;
3;14;1;8;
8;13;4;1;
0;25;1;0;
1;4;13;8;
9;4;0;13;
0;7;0;19;
17;3;6;0;
4;14;0;8;
4;2;16;4;
1;12;0;13;
6;19;1;0;
1;17;0;8;
17;1;7;1;
3;1;18;4;
0;4;14;8;
16;3;7;0;
7;6;13;0;
1;24;1;0;
15;0;4;7;
13;13;0;0;
5;0;13;8;
4;17;1;4;
0;18;1;7;
0;26;0;0;
17;4;5;0;
14;0;4;8;
0;18;4;4;
13;8;1;4;
4;22;0;0;
13;1;4;8;
4;0;4;18;
0;13;4;9;
11;15;0;0;
15;0;6;5;
1;6;6;13;
3;0;18;5;
1;0;17;8;
7;4;2;13;
4;18;4;0;
13;2;0;11;
0;5;18;3;
0;17;9;0;
0;1;17;8;
17;8;0;1;
3;13;8;2;
5;5;0;16;
0;7;4;15;
4;0;3;19;
13;1;5;7;
10;0;13;3;
0;5;13;8;
3;4;1;18;
0;5;21;0;
1;5;16;4;
3;3;14;6;
15;5;0;6;
7;13;0;6;
23;2;1;0;
8;1;16;1;
0;9;17;0;
5;14;0;7;
0;5;4;17;
5;0;17;4;
18;0;6;2;
4;22;0;0;
0;3;7;16;
17;4;1;4;
1;4;5;16;
10;1;14;1;
3;2;3;18;
0;3;8;15;
6;13;5;2;
1;22;3;0;
6;2;13;5;
0;10;14;2;
1;8;4;13;
6;0;20;0;
7;5;1;13;
2;6;15;3;
20;0;2;4;
8;0;15;3;
0;0;5;21;
1;14;4;7;
12;13;1;0;
3;6;17;0;
4;0;18;4;
0;18;1;7;
16;0;7;3;
17;0;0;9;
1;4;5;16;
16;0;8;2;
0;5;4;17;
13;12;0;1;
17;2;0;7;
2;17;7;0;
4;14;4;4;
0;20;0;6;
3;0;9;14;
16;2;4;4;
1;3;22;0;
0;20;2;4;
13;5;8;0;
3;9;0;14;
0;17;1;8;
0;9;4;13;
9;14;1;2;
1;20;1;4;
0;4;8;14;
4;4;4;14;
13;8;0;5;
0;25;1;0;
5;2;3;16;
18;0;0;8;
0;5;2;19;
0;1;21;4;
17;0;7;2;
13;0;13;0;
17;4;0;5;
7;14;0;5;
1;21;1;3;
5;1;3;17;
8;3;15;0;
13;5;6;2;
2;16;4;4;
9;4;0;13;
0;8;0;18;
0;0;4;22;
0;4;20;2;
3;1;18;4;
0;4;19;3;
1;5;14;6;
0;1;12;13;
4;19;3;0;
9;13;0;4;
0;20;2;4;
0;1;21;4;
13;4;0;9;
21;4;0;1;
9;1;15;1;
26;0;0;0;
4;4;0;18;
1;17;4;4;
8;1;13;4;
0;0;22;4;
0;7;2;17;
21;1;3;1;
17;8;1;0;
0;1;4;21;
6;0;1;19;
13;4;4;5;
8;0;17;1;
1;0;24;1;
0;8;13;5;
5;2;6;13;
0;5;4;17;
4;1;4;17;
20;2;0;4;
5;17;0;4;
4;6;13;3;
7;4;15;0;
7;0;6;13;
0;13;6;7;
0;0;22;4;
2;10;1;13;
17;0;4;5;
11;15;0;0;
0;20;5;1;
6;17;3;0;
3;14;5;4;
0;0;4;22;
10;0;0;16;
20;2;4;0;
0;26;0;0;
2;4;0;20;
19;0;4;3;
5;5;0;16;
20;3;0;3;
2;0;20;4;
0;18;4;4;
17;1;8;0;
3;3;0;20;
0;11;15;0;
4;4;13;5;
7;4;13;2;
6;2;18;0;
1;8;1;16;
2;13;10;1;
4;7;1;14;
2;6;1;17;
2;13;6;5;
8;14;0;4;
8;5;0;13;
4;21;0;1;
0;0;20;6;
